$ANSIBLE_VAULT;1.1;AES256
31623866383162623436613033386434366530343561316330323265636663636630613965326439
3733343737633939303431306531643335373366613730650a313265376334633862316662363432
63366139326532363161653337623339383634306637343332353133343861666465656366373930
3364323762353731350a346365636239333536303266363363386631396663343533613134643266
61626162656264643965343961363661393563646239653934313430306663663537633530363231
35636531636266366266336161383832373638383633666437636565386662653363343733306632
36623538396130353037653564623035353763363135313636366136326430646365653538333538
66343238303664393965366133633033333839623439366231623832353639313766323931313064
37323932343363313162346238656535636438373437313233633164356531353739366434386337
65326266643139623433623463356461663566353431333839323733326433636362346134313635
31366232316165663766306134373530643462663531363062643030656534373364626461363463
32323763633338383266383939346163623362613862323961366565353338643539323061363938
66626665326565396633306663653463316534626162626566376131343930663264633331623733
39386532633932343930346331353738323438383938633431306465316265653432653436316533
64393665663738313165653063613865353437373330343163376365613630653662303434633266
63613266633131666431333064393330626138616130346235306439666264663538346663356462
35366630396630366338653538336639613862616635313631343962663533303466316632646231
33383361623038633337616133326138653730363234616363663734326634643230356532346135
32616362353862636361366535653534336434303837373030383732336562333831646530326561
38633132323739303932376237333865646236623230643663373337613138386161636665633130
32396263393438313338383736393837343432626230633061623733313332663361366165623361
35333732363531643866636261643832386334333939376137616365343239643337616131316433
32353932653663646564346632633365363437306636373165366162373661306434343939626430
66636330316362393834663335383564376235383161333764383837613132313530393563343061
66393836396632356437666565323831613032356166306237366261303566326564316364663263
66336437343135306132366536343431633161626532666336653738393138393639336134306662
34383039353563646236346332353730396134376439643961373136336330373130333463646638
62636538646462666235666637636237626337303866663638343363303532353131613430613762
35353266303461326437633937303238626237646233623837396430343639393061646162666435
63376561363333323231386334373332303464333462656336613463306532353736356534343430
62313538333436396365616661333762303039363365623066393131653933636265336434643961
32383038353931346233656461303039626537313365373539643430643536313637353566643735
62386435613264383333383634303035626334393565396632363163323466313764393231333861
32626662383435316333633138613065393763356430366331363662626264346639393939303336
38326361373433326339656362316339653031383964653963636163393366393235383335623533
32316633323563343037643764663161663663353335343264643835303836356237336535656330
33353630346239643361363430646437316665306635636232623833356634343265376464343830
31343462336263666133386431666137363462656337646637373139663133343138623561363939
37623064356135303138616661313234303266303935383335656363623465616662336632633365
64333033653133383337386232623162656630633863383432366239303563626535626464313136
32303966303139643961626262313931323966653139656330386339656236633330313737306562
64646132303761353338613931356231333466613939306135643062373930643464346161646234
63326663666263343633326530373530383065373863313064656261316633396564323136616136
61323636373336313839623865643165356631643064393665316232353432623337613431306461
63316662356365396639393331646334316531613462306234663937653436663534633036636462
33653432386464353538636133646133363634303037393630323362643534613533303735396434
62336336626361316330306365373966363063346438363738363434326463306161653234656337
33393063653339636664313533353963383232303963616332396231623936323366353931393234
65666534643338306532303463616165376531373766353962333162383963313962353132376263
30363666663637343336656637663736656331356465633838663336326266386330343366383765
32623631373234323437366566343765643931386434326431343136383036323131626563343734
66613364393037306531333837303632353037366665643236643336666163643933343839343232
30336534633530613439373334653466313464646130346466373330366165343561613761303837
66663433333663333031373538626561353837363230303162373931623039653263653962336335
61366336633432616634623439656664353532346139303035363262636132653538333731633063
32303332393237396637633332323865623763353935356631313131333664316635643735343863
66303039393931656130376363313065313264623934383966393163323965353130336538353662
62366231643466653161663631363536303132343133363461666465633036343336613434343335
62356534353930353362333238643030303433643838643062333163373533303030303436333933
33363536323437653862393234313234373231663532643334353266313066316332393139646365
65376437373434356135616366613638336539616635383164313266333534303034343830303630
32393139636338366537383730393339396633363334323938373062353434636265616665323531
64626432663430346632623534636136333436373632396637616635396630643933666539306230
64373336363932383962363837356236316563363034383733353933643736643331353762376234
34356436336261356534373165633564636137363962653164393466623037306363313132633466
35373636353164386261373034623865393534646662376536656538336463303238656331613363
66366536306333663164623562363165346262336639613830396535316533343132656361323531
31363165616566323036336263666533633737333632666463653134303537363737363033613366
36343363623832323032643764306166343138613539646466363833363637643863323437653964
34313362366464373237363836313464656365626635393162343633383338393330613239336664
31346236356338353037656130613963353030623964343632353433356535313737623962643936
63383438386161653261393863306538633530623834336333623162333535346563616637633761
63383466383461643633343038336131316665336231373732623666306662333630303331316237
64626463393938656562313430353863646565653934623462643430333131373935393334373738
38376633356162343764623235653865373638353535313637356537346266653937643162316466
30373031623730333536633364643962623934663432306465666132636334313064336539663834
33313130333737623038306563653465646535643563386165396164626131346633333566633261
64306464366535623739326366623133303265666564323463653730616366663639346230363934
38346230393933663661373266353337623338303866616263316432363231383637363832306630
61656533343164323732663837626631326263373739333265376266326533363433363365633037
32356438626366646132636330323932653964363563666430373234393662396338643661656439
64366239393861306661633632646666353932363963386335343261303565393261623433663539
37626639646361633562383066323535636234353333323233326636373033623235396231643362
33313762353135363330333730376162336238643664353064383634303732323166393538643738
63656637633739646564623661663131376130663635306364643138323633393333346366653439
63313163346339376164333330636561636566623039303838613032663239613436376662666335
37633863643438646663373936333164363532396235643337626462653966336639626433303363
33616463653661623363386461383565313761356364303236353734373238626366626364323330
63343836336562623931386638646630376332613631366636613163613337663866616365326337
38326239616261336235326134306362393232363431393731626335353835386233613638623963
39643130363265663463333136666232306136313930646234633765373535313139636630396537
33336465666238623233363961393538653532623464626437643961306130393962383438633465
65356430323261613365656264363034366662303464323730323636313463643339393732623132
66613466663637313661386631333639646639306162623764633135343031643632353031343638
38323834333530376239393530393963646135356166313933333030356336373037653861656662
61633838663434653463353738313366643437376631616365386266336164613630383131383933
33626636636366393735343732313537316236313337333235306538643330666534366261396662
34666237333662663330323236383930306163353263313730316535323233656461623332393930
38346334366166623437333532343232633535343562333636373363333736666234306361306436
63396432376365633135386230393134393833363566316363333738373430373665386431346337
64396432373161626330643362316465353261613464303465343466653463633133356537356261
61626633633430363234303333643161356237316330623231623262343834613633313265663835
31323461313861666439636531363763376331393365653462313266303335356564666531636261
39383332663632316135616461636332393839643035306166303162613363326164313834646364
33346331623762336236616236633063303634353531373037353262613439343062383563623732
31643962306638633630313566666632383932346139343137343766333632326236306663353862
33373132306130313237366530323632613538343136626136613661623437616166343433306561
32333063613062633635343933636635323062323564666137633737363033306336306238633465
31323564383535663664646137333938346362376266393162383263303131663261623537363338
32313764393636376631626566376237643435363063663532396634386233356230636431393531
32623361373964383136623365623064383666333334356234666137323236303532653334333966
37376263373663363631343131363165376130663138616561653835373338383036323834353263
32666361373038366562393438333230366430666630613161373364316135623765366332363035
35303430323734316232663464323463613666393633623765633636373539373066626435613139
31316636393165633632646662323061623436333835646332623433313730613631653434636630
33313231313663656363633638646666366236633730323565383963656536393039356665326464
34393936393363336131613861663163386537653637363166396531376661653861663337376363
38303938643034343531646131663530366138646534616161636237353466383035623133346261
31303730646463616337656134366531363931623735633739653231646162326332653739326264
30613633653765323462313033396331303162306232643834666238663732613866633037363561
63626239306633663963383135393139343936353230663765393531363136643963363766663562
31323866353435383639366131646439633438366435336564613533646135616562623239643338
64363262656461643230663233396334386537393237323561623036393435616338656335336362
32653262313634316665666534346235383938336535323038626265373164373763343038303136
66346265666563313462656336643961616537643362646661643535303465396330633636376430
32386265376336633436366131343939366632666661316364366163343764383466666566396535
35313265333764313066643331643336373339343939336238393064643466666534386361653766
37383134663130373731616564656632663330666330343232316165343239316661333032353263
32626461333830666233373861336666303834356133323938616261393562363939336262616532
62333862383763636633396335336237653764636162373138333637363861643863666638643462
63313239326332623764636538643132316462363633613932366339643839306336353730313837
36316362346537383936386666623730366637343363376337376334643966366530316435643332
30396133336236353535633534636539663530366538653961306634613834613062373831326539
3261363766383337343036333665363865393864303837376538
