$ANSIBLE_VAULT;1.1;AES256
62616561613863383839663831336139383465353862323464636465396334386237626539633734
3339303835343731353135313965336562363963393336310a623264346338383961636462333437
62303132656437323764346136646666383138346631626464613666613837653562653061316364
3761343333663631620a323862343266366163633235663533653265643736393761363635323939
64646562616364323763313864643134613434346266613166363537306639626133653735313162
62313637303333343465613939383933343134346163386539633662353033353933386365353234
30346166643433653438663434613939383061343030363638366435333936633462336134346365
34393364393139356139383539333261383466366430363432323232633662656661343831396430
39303735646630313837323230643433393335623763303561316666616365663364663162323737
39646639626265613364636331663534386234383137626232353139646539386366363032343435
62383565343937313763643130366633393139376534313230663230333033613166303231393661
33623936303130306531653437306336653463393435663031323262663634326531366239373433
39336434323237353337633335306164653036336263656466643264613965653637323336363834
39643232623839633263353938376434346539303636653532383466316434616433626431643138
35356364323032306261323166653663343337373132396237313466393135373965626633396332
62623334613764636265383339643763323862623965646338653734623235303463663734643935
66316230333433313439313539373733323061373765336533373865386136663165316238313631
64386536303063666636343834383734343735356331353864623630356532346335633831386632
31386463336530303964383863643237323633666133663666613561393430353631613465303134
36386430616464363934623262656536363539653564363436366631363634363965396261656130
31383363343435316531626466663264323361313436633232636637316363653331623438323233
38336637656233383762643464386330376332333639643030613836393562623533616539666531
39343134643165356563303463343164396439316535656630393637366636653336323839396331
38333635313131356534313632396538383337306262616137313664313665353238383635623063
32323665343862663133623462333436336234656235643865643635343166346134343331653738
61633263346334653130393432373662313063666665363737333732643635313663373532623635
32326236643639393736666264633235636235633239356633613130643062316662306638633834
30303239393539323137646533303439346536373364376662383164616631383965313138623830
36613834383730656432346133646231623764663337663165613935313031623630313262313930
33313933633361663161383262326537343063623263363036626464363761366163386363313133
62633838336462343962656663643464356531616438643733653034656334366133643434633436
61383034396534373139356566343463636439353462393334393831613738316163323864346462
64613333343334663730646566653532656235663161383366383636633566613830616361383661
63613565643666333732366231633063363166306333396666663365316662636466663239363635
30623864343037366235373838313365643462333966373036303538643733323262306430646133
34306633373335343563623564663566616636386666393138346430323162643861623663616137
31646363323731323663393064386564356338316237356661336232646363666263343463653964
31336535396462643633386139356433656331373464326234393430663366656463313435353666
64336237386236383838316133376564333364613031616361393931333162643738656537323365
36366464643265356438373266363337613833343933353734316236626162393238323836363731
32376430636165373137323837316364303162396661643663326164643862383637626264396331
62383665653263653032646463313634633530346166613138366662396233343938306431333631
63326131373066373064363133346233323736306131393736353962613261393662323030366434
63333565613363646636633332613134623039643432383666626134356133636139396131653634
64646336356632353536366534306534396537626363353263346539356337613739613566613966
37333030646633666432376333303430386637373634613161393839383739653939666662636266
35613235653838363537363865653736653533316661303464656236346161653935303266666166
35356631393062396339333961383534396239636338363839653162616631366537613639306565
34626535666238343531343565343165363734333966663939353361363037383431346435346435
66613837643361656631623735303630616639326564636263366335626262353563633836333235
37626232666232626638303961393865656135323133366339323761346362386135383031353262
36656630366634643061313039356463323632353934636462333065366531373134363938313533
36356566623761616537396466396365353930626431303630626662323038356231653634633832
35336239663662373135336630323063663835333132393964356633626566366138363265393766
31326666613866313430363935353733626338333032333466643364373835663630383239366631
30333130303063366535646338623864343863396465393334633964636139656462653266396432
35646237633934346238396532653662353134633563663966343637613933633531653864316332
64373664303135393164663634633566316538363061656561393361313164313962333962383136
62336637623536386231343736363630623934343538396433393363333662353864343532376265
34336465356561636639653034363539643731633432356338396566633733306233346534663332
30393335626332653033656462333565303964633833636436623634373435663937656634316238
64383538336630613430666366666333323631356662326264316664383765646363393666323061
34656535303139666165663235636633623762323437666131623032306631386163396539313065
63373862333435333666336637643133616635623731373139626466643663643766376337376334
32633465643236353061616366653938373762643862653936643832366336663136613536646438
36656134393563386265653663643535333062643339353866616133666138386461336331653261
33643761306464316665396461313761316335653161636562393831633061646439353938623438
37336135326137323639396437613733613930646262623739666338633830373265343063373762
64343834343134393334613133613532336262393633613236383962663233313361376135366464
31386666386139386261613066353864316364376331353965643162373536323462663033363736
63363663376363656361666263633833623831636138636132313232396361373939633231373061
32653633646638643539303665353236653364646262396435653736656462333064376136383566
65313737623831336266343036666334336235636266326465666630343564623935663063373234
36373261383839646564366335373933343862363737326464343335646636356437653662653139
61653332393034326539323234636330323365383438646331633937343834396339393235646563
62383363376132306633613536333864356132383030313135366366336263336666356662393563
35326263313837383838393232396131336563386666336131633533303932396535666535373237
63633231653433633862626130666131356564396163313230326230306165303334326663393134
36356431336130366365356338313265666336326164626238623037336262626535353665643239
35613365646338613636633165396530636338333363613935336562336463656435383034353634
61643634623661656132633737316666373065306138663366663137376664303363376634626361
61613364363935626263653665333730356463633563393636613034633939626461346639616531
32313632623663653734643566363962656439636330323236393861626433303064636161666632
38656434373962646231613434383136626139333764346661613965313662613135643939336461
37383539383266313537643931356531303430303261326565326233646434303635623066376334
30396332626533333036646639336334353861366631323335373931326131343332613766613134
30306261326430663561343934376638323139623561323962663865326661643862326433663033
34613534633136386136636233643534323761323465336465373037313232373639663034323830
66646133616132613462653631313037306434333432383465666533316630626535323536396334
66386631653862316138306161643065643032393966613662356237306562613764616235373138
33363737623632366136623435623463643861623030396663303964613836633634303831306238
61346136653665393164663230656465353939653432323836656164303162646161623839383533
32353334346465383764333433343630656337363162633462616661643132373436643439353536
64393339323734623135333035663166326339646330346661363232336636613836383038356161
61373538346138383562393736616533336361326564623635356639663663306166326230386332
61356565326366336339613263653238373861323566306564376534323239636565326663353231
64343635386561386161353333333638346431613365323463643163373962326561613039663137
33656138383739613936326339333832386538363664373630623962313430313034383333666564
39326335626533393662333763663237343335613030313339373639323535646262333838353739
38353039613536386163336466633036336333306264343233663663326439333231333736383562
61396335613161376261346137336631646161643832613533373831316330626635303466643463
30313734316439313865346530626130376464313862316264336536336236633538343462313063
35623538666662613331663331636136396432303834666236623832353061666330636632383464
38363064656239396436643839623561346263616632303734653634616436386636316336626465
66306430366432626262643239336138346533326239666663353037333738343430313133353563
62363733623139376139636165323032363135626363346333313965303839666637663836313137
38306437636132663038616262366534656138636134353738653138656631353532626130643538
63613862386662343230393237646135633462373337613633353766666336303765396238366265
32653737393031326665316638303930363936313137623133633234656364346263633031663862
62303039363665373635613036373538373639383338363161373066656439663765306266356230
35666164623063343232653231613762643964346661386161343263306536326438353334343537
30306338353630623334383663326565333337633566313037653165636461336537623465383937
31313134623135383938653561366333313933643430376330306331633432363036396436616436
65363534346137343362656638363838623165316534363964346632316431353066653663366533
31646561633333646466323539383635626261376633313862326566343564663433363764666433
31333065303463393831343630343335373332376265363034383231326366383161633165376462
65343038616635643562626538353931643364393531356631633434663863376136343134633330
61666432386639646663633765306235326264356637316366633262313238666339303562643530
35303736393066313734363837313433333432313534343933646433373639393030666464616266
33343235333365666563666162663662393634323564633962363865356639643031393365393330
62336535666561376630656235653338663064623738633062383132303435653533323034306261
39386662313534306530303461326363333933666561616232326137313033363736663534613333
32313734656263306161323036613965343234333935616134353766323961313364666234666539
64376234636636643265633538303731313830343161386338386364356335336435633263386436
33653265646237333532643439636334323633663738323639383262396432656531313439623436
35343835306165313462353834653461646539316564633435623364383861623534343735393331
33346162666565313662653635663364303161633733623465633233386533363437613636633938
62656537623233333235333831366235383562326464383162663566633962303930353933333631
62333138363534303432653630633966303930616364303138363362336630623464313237343162
61663539386335613130633365346561373733316336383039326138653830343938313431346662
37623861613335333639643965373231373632623833383062663934323265656363636661623161
38653639346336643462376462396664373765646639626461393933393363636332626432363862
66613764383761323932383039646239336335393638366363616465363332643234613233626539
61613861316265313462383037393031663865646564383063313939636136633964343636656666
373866316466323864393833666161393033
