$ANSIBLE_VAULT;1.1;AES256
39393936366634316239643764336534343236303166613530653631613236343064646235643834
6134373336353365353563366231326634353432643865660a393838623633633835613063376262
66633035323436363539643861376163306566336639313938306433653139623262663630366436
6562316462363937650a613264653731396333346638353739663561333134626130366238326261
62346439633936363131653639393235373036393634393038653938353036373532303061396662
65653633633332393539303631613036393230383239656237333864313339663438653034303963
30623830373939386564336238633264333736306135303763343164333437313336373764633266
61633330393562333233306463353035346234323832353835373139353237623533643965333065
33376266386532323538393438633330343431303766356634333236343532656163383962303737
63373466643833313138303630633737616366616639356335613030613366363834346265313531
32373532656162386366353364353839633535343933666331333735383664353638636531316634
34383562396265393764373039313262303864333638663430373739623830616466346161666234
34396465653334393465643236666362373233383834366131646662383838303264363461343164
35343233663938393536333635616531633834663038666362656337643338343233373465313935
66353035663261356538353361323465636437643764336139316230326164656439356139616539
31643832313036353136616439373231333730313163323236333936346365633732616163336362
37393766633064323538393633333233393132623530663865366663396231383866616539656664
34343261393863626638633939333930346365653766643336393962323230643330393536663835
31656239373566383530613735313431393763646135313839373062633737343361373961386433
36613965313538326130386331303132353037383964326338623561613633626364643436303364
31343738613465376165613839646131326565666439656137386436346531353664663230306263
31653530323865326262303436333939323333393434336331613566616137636236643239616166
38643232623461316636633062343536363134646530363739393563353663363331306636363434
37363831623831363738666236396335323039343966646531633465346635313464306361336530
31383261376361303836626138643632313036653463373162363938656438616537363839643734
35663665613336373935383137653030656434633134353332396466393933316538653464303435
36623539323837316436353335616534313838326537663139646335653236623232656439343665
33353430326530633931613463633133316162343962633766313435663930373038396430623065
38393364623939616461373164356461323563336637613038653161613731396534626132313530
39343932333932653532613963323738393032653732666535303439373864623865636338333966
32656264666266396634373963653331343066616261656166633864653038383932643064323734
66643938616164623238353535623861316132633766623761336666643237363134383032306331
37306636336430316361613764613361663464613433333838626638623564376563393534343631
64313137666433626230643234393162656631306434376633633961333966346137366134373862
64363030316139386438663634363061316532646664393031666330636535663233626464333638
32366563373063313638303433393463393738356563663763643433646437353861386564303633
39316234353631356637396165663933626564316235313133336661346666336263626364633833
31326663343763643337333434393938316538353736353732376665346166363538316536353538
34336564303733366664653532643033333432643865616637653866623331336532656364333634
35393563626263636365386132373561393863303261396564633634626663333065343833386564
66633531633164316466616137626364663162636238373533653934643039633730663237323331
64386231613738663161656232393164393935643932663633663331663434653333306461656436
38653030323562363939346630616430646565316538343663316564623935613034633130636236
39333865386432656432303738313538353038616339636438343064376565363736626534316365
38646334343762643662396236313762636235386535366436383465323565386238656332366635
31616633626634616334643964656264353933663433303661373961633838393462616532663235
65653531663166663966373961623163363630633437323833303238323630376439326230363139
33393663386466663161316164663564316166386162333265366562383833633765363138653663
65656439333062333865656165353535323334343963316533333239396335356164646132666661
63643831346436383264616634653261313937633438316336383362656237326631363538633538
32663961636332623036376264373865383037363431373966356361306432653031643330316465
31336139626334653263343430656366376336303033323363633732303039663737653061333661
33663331623835313038663665363635636461353061376535393333376266393066616464616436
30363639396631366430653435663939646437356364306563366265363334623532383339366162
39383630653736663266626164313764373331316535346132653163326330323733633932306566
38626636326563306233386238376432643133663062646534343738383037623266386634613230
65316262356464633731616437383863313131636261376339626334373835303938346665376665
64393139633461303564393064633837616133363231386431326562303938613337326336346563
66333438353038393365373236626265353565343362373362336239663162306535633433363234
65393765666438323235303264383439633736386234313139623731633631313234343561656434
62396534663563653837306234653462326262373239643963313062383835633632373733326661
31633438336431393935363164393731653739373637326232386435653534313631643761613961
63613464393433643439376531386634396136633637353532383331643438636266386637373331
39633332626134353037316465346438613139333437656538656431613332316664616262353230
33623537333165643033343563613639616462643361643832383062666339626637633966323039
33333436366162373137303065323164326262633230313132376231636562333530663562353232
36333065643839663964653961633732323935666237393338393836626435623837386239323335
31656266656334386465663138313836346563383962303634343431613036663566663262336536
33626164383464643033333035656365633939613336633237613835373661343261396366623338
35336363646563316463323937623462343262313737373466356362316532613730653437353364
34363330333332396363373166303433613834393664373066626361643661323637323931646337
61306636656665353935363266633062626638396162303030656531666535336136323666366137
37313332383832383737616431376138646662663964626634653535366565653331343961303661
66353533653663666465633066306166316563333239623630333264653037333466613337646233
37666462356533666365613239333139313361623938323263653662313963653764326536316330
34623534313861346430653137373465643062626161383432333765653766666564333939636634
33313032393163333137346131326532616531363033326230343137366465393938663831356231
39613533366466333630333236353334323063306362656263323439643530323036386162633961
65633165353837353665616538353334653230666638376137353135653561393739356637383333
32653062303532383066396130626434346438613231333766303162653531663561373131653462
35643665343466633862616537306361343337326164393736383438356431356263373865336163
35363035396537666538343935306530366535656366646461343438323138666461396464373732
64613032353263316139653563333963623863363266386262303530396637626364313337666561
64653535623334346335313863353765393538383237383338666634323463646338383031316461
32376235333535323263343835666632306266363538666336383362336437613239333433366432
33393535343464336232303439306663353137643234316139303232333932613136656135643433
63363634353236383864393066323363653337373364363762663266316364393333656266343237
33323630633466316661643161346631383063346364616332343565303933373033353236313766
39613230653130376638313438326464373231333334663961396364363265396535353734376539
38376138626233316365653562613137313065333264636131393566663161386238373334616330
61393664613231356562333139366463643661663961386639613530653564323266343831633565
32353738646534643330353366663438623933333430643635663235663361643265363630343732
31653534616635316339393931303461383263373331363165616139343133333235663664313438
32666339616133663261353638333339643034663438323163653165313138326466643765633335
38353233663765353539353635393863633865653833363634623862313635316565313335313135
32363161636633346135313464636330383838316435643633636634386630333264663064643763
65373935363461623730373536313832353863663739306161343663636338363439373639666539
32376330363738353838383266663462313433666665643138353630393463373431383036663865
64373237303530636231343364363163333766343235333736316438616632643966373935656633
36363332666437366236303235323562356161303732663164616662623562306365643331643030
64353963353963613765323939623364393832306331326363316461646466333130303539303363
34363766646534313966386532353064356535356637616266643132346362393035333163303966
34326265363135646139663633326532383137303432626461323961346130666565303030626531
34313764366235346536646630383564396535646534396665303934356438363234363838396639
61666265353534393166653965636639613430386262393733663736663532636439333661386337
65663365616136336662396461326436626563333461663439336638663463323332313734633932
35383935306637376363663764323766303764356362653861366464666364336235353961313161
37356565333764626164376534326434366363366437623736363062626664656663666533353065
32396236336636366531383965633832386637336435366164643335383965376462636464623866
62303535613663326437643336336131396630326561366661383662303139356434353432313435
35366437353336366663646666643334646232663066373466343930333264383061656636353361
34383638306336633836633230376437666165353535393662623735313566306161303536393430
61303632323061343036656230373335613961663138303761626262316533303965303838373133
31626435356362613539343238353237653633343935623030663366373961373831646236313436
64376333393138616163653630376462363031346538333865303130363366393336643161323930
62353965303863376664653238323764353835643231393338396239323562303034653233646361
31343532623636363331383332646564633861666130313266366134356439363666393432613266
32303633383862366233393937356535643730656361663862393530373563376335326234356363
62346631313431653834666661663834353235393837623536393735656365346332633332656465
65306237623638386262303261646366376165363066306638636162386565353361383930356534
34333864356539363432626437393466336238643165333937383235396333613637386239383333
33663538643230306665383337376438313437393066303139663037633332643766343263653138
36353562623536646437333136386132343834333561653236393062646632353332306366643330
62393766343832616462636539646466396537643534353432626630366665656234353237353165
35633036356431643562326533393034346130316364643764333835393465326562613662396133
34643366323535393261346632636637373866636339656264626630313463323361333739356137
64363735623037316464633034323530393438383661313933346431633234643134616635636164
32336363343334386337323235313262336363313962643538346561613564656465303232393062
32633433303631363430626464326363626332616663316231386130623735326230633039363065
62376663363864613239373232653761383566313061646331666463346634616634623665353065
33396436346463653430313930633066306661343432366338663866323038303137376339616536
35653161623362623764373038633632383664653762373866643265343435333239313761646236
65343331353635633165393936396439333965353665643332393438363666636236623161373536
3636393931396262613766306665343830643631366464356232
