$ANSIBLE_VAULT;1.1;AES256
62333830626236333932353766383763633263356134333236333763313761303334316565623666
3338303664353765363435333061653232393861313666390a646634636362613162316665356231
33363336663466313563346266306234633432363137656337393932626365633233363462623732
3233313831376166360a643064663139633161336434663662663337366463303232363334613731
65383565313232636637303539623830383761363463633363306432356439636136613866353036
62643061646466613231656663633064363464343835323130363931333333316435353437633363
36313033393736653938313066356364383234336266323661353863643631626335633430366164
62636530636463313830313637613730363936303766343566666335646536646339306139636638
66623431363332663963386437396364633364636562343137613261366536623436343664323639
36363063313663653635343161323234323265306536343036626436333338323433343861623136
35643534653833343264303633613832323036663835303435303431653731356432303835633963
30636565303231386531363735613431366434633535633865393931656530386262626639373364
32336431653230373731393739616436663037363466626333316264336132326238653465383830
38376633303836396339396661313763336532636135663233653131343265366161666530643631
66646437313239663934363837613866333931336563336632316337656134613730666331383934
36306130626330386661373965393234346366373636346362373330363233616534663232313639
30303763633465666533653164363835396464613466633834303339376361316263616138646132
38623764383065386164373039373030636132636537313534356436383937363134653935623866
33663238663431646232643730386361306232356539323331326161326230363634393738336534
39363265303831353834333635363735616235346432323431396638363235356436646138393161
38313639383434313633316331353563633461623437633037666132613065363133353532356565
32366466343464633032313365646434623462323133373337613835326236306634666230326633
39373430663832353762303237643138653762663634636164626466623431323063623230393137
30666639633439383432363931643635326466636661336239373764363337323934646365346533
62663539323035663837626162653438646330323535346237396163376433393761643563343930
39633535623932656162316435613133353864336663356632393633633137393237373131333338
34333139653262303666633731353336333764373737616431326632623931316630363732323066
33333633336634613764383463656137373330393265613165616634346261396363643663316566
64363563633465306433396466636662316461323334636663643634373035326332376436646638
62653730323563623736333436323132303839613034393966323466633535646338663666386563
31623534356436353964626362343661323563323866303565353737613461323463353066626139
62656538656132393464663963336532663730316239343336653631653031623633653930313538
36623463326266616438333563666439373962633665333965636665363335396633663066313564
37393739393239613136313638656232353334613764663737646362633831313834336361653936
33383662663365303162613464356665313034363335623231616130343966656236623832613864
32656331383935363137316531633832393539356639643666373833363431616436306463656239
64653733623230376163373630393831376330666339356665366230643539393135623832326465
66633861313261383231323338396636396566346562313334366230316231303431646661366130
64633664353132323461363530616536633736613233363961313032393765373037623363373037
35626538313064396135663235633234613464333133326462343737633361333830666436613137
34326332316265316335346433656638396438613632363131613461383366386132613733343239
65633639373632323861616332393831376361396438376266393138353538653737633634613564
64353134353538323333653336373365623330633633336133386136623530373730363433666637
37353630633866613532303832323934613061633530323331376165376636663463643739613361
37333737333031396135353038626662663464363664656139336563376530326563393933633939
35653063333439643161623331343532646361356330303263633462303265633134626439326266
65373234363736313664636136636632613764326332383931653432626438616134343266396462
65336163376139373333383532646539356163313865326132353932626230353432353938613236
32333838333463376364336633646461343231646263383839666539363333643363646531643735
30306431376237633933366463343866323339336236303766323332396433653335646562376136
38313764326236306331376263613764386637303961393335393130613738316265393765393939
31643731383761366134356538323434623732666334363539633531613061623138303239336537
37646135663130323463626262636237333337383134393937633937346561303966333165646161
34613733646461653537346365313237343337393765633135613430653336643465316464363964
61336431346135343439633134353039353634633262373364623434383035343166313362363461
36613836613638353232653937313238656533353662376466663364316232333864306666373437
33653061623662323733396535373335373230343138353663613232383634303134356330313965
65303766646138323430373334373962636435316366653162366366343035336436623331616362
35343364316435393961616138663131613731613338643539346635653062643965636464393437
62643264393430363536343234336438346233633633303531386136666566303535393164643534
30316134306330656163386366363838613532376166646639653763383665376433383862326236
65656634326234306636663733613835343337326366353135353461313037393963636438383835
63353334333131356566636630366235343530336436613232323862373036336461616235623237
35373764393934383135346665323838383935663531333938376232373966306361643461623934
39353364386339656237356631346534313834373035646132616231613662393633623938396664
30343862366138626436353131353462356533303836613265396363653464663634366336613533
30383939323833326564393235643662336235646234393061633962646137656234346466316164
34626362356665346362343661313333313761323764336439323239366538343466656233316166
61613337353830346537373733626336613330386261653262623730613133323162316365323965
33663036363964386131303165396566353730313166386531646230643533353837666163646534
65303232366235363866626436353132386465393933326434343436663739633332663936636261
38663964643238656435373135613335613332613030643133313265356166626535333133616339
64653763626133343331646239333731303230323839633239396665323530373161613364363864
38316363663463356430653765343130326463326235653332356334356463636335643065626439
32373530646638616636376639363931396562646336346439633634636631316436373230343164
61333737626436343662326661346333383665363263623039373936336233646631346337323932
62623739623162343635616465303333636433396433393036303564626565663734363765306665
65306161356161663232643962306531613364383332323836396333316435343561376465633161
34363838336366346562343139393130373561626635313164366664386337313631623164353762
64363663393631613432636362613239663565653366353037386634643637386362303836366562
33626361666562306162303236383233653235326137343362643066313563383062623536356237
66353037356235623638653766613538356335663864626266633635363163663237373933363836
39336662313037326463613135336531643465323938303430323234356135663231363537643431
34373462666330393664626337656339343231313063323135613930303965316635616631386463
35336566376433383931356133643437633861323831326565623238663932613464633733373938
62333362353336333632646163373165303163616531333238373466386332373931363761383931
62633434653536653733353736326637396163343533313532366261343763343030396237333232
63353362306464643637656433393534633065653763643439356130623536383035613363373537
39353961343637633462323731373434643535386634656261663431656238373462633665633839
66383363383935393363666265656266386434376238313661633331626636633830353365666165
36316330366166633864626637623061623264656136313035326561343338356234623437336434
36663865663661333837343662633865353666313338383031613565376266623136353038396334
32333962623130636636636331396365636364373164666633353638363563633564396533346632
65363262643337303730613739336130636336353732626165356262333332316538636434363863
66313234316531363634323765643263623361646432633238373233323062326532633863626231
64386461303737633531323061643234396337636132333362623265613432663132396333356631
62353033333039313532663339396332303062346338393631666464626438393036393136653831
64386436626462306432336237323730303333356630646435376663306663653764656339653364
65656132303936363939646539376435373735376466343264343262663238366539653936613937
34353461353766356464643062393733626337623537363038316564353230616464346465393066
63333137663466616638396432626261383137313134363563386233386434316465346435623538
62613465613933313264646535373632613861653937303931633263313134366133663661386463
65643964643231663965376463633538663635366237396536366233393434323264376439636435
32383735366134316435393731666363636535623738646537373738666534393062336661336130
34333862663939653765353366343765313335376431343634376466383735626332376633336133
36396436363764313732643132323963383532643731323338343663653035613630396166613338
32323761663166333162653632636634316664313132333435643134366538313230356362636534
64616461663236353534336561313133373065383936313232376334363932333135366632363363
62306338343031386461623932373261623266323635616437646333383037333863303130373839
62346661663037386533656230636463653838633333633134633334663365663264386539393235
31383331376361663730623730633933313464393036316332326234353632363238666263386138
30633065343461313939613332383036666261316539386231333934383463636635393962333130
64616661393462363765333166643836633539323962363665653231343662613832626263346334
35346361316561646563366461646464643330363133356236396461663335643165663532346234
32616431333834363338613062393934326236626362666535383561356438656363623862316134
65623135373830313935373630353366336463363632323263633233356461623862656530623630
31343832336139636339663135333661666238383636333133326235323332653332363734626236
33366533323334653636343530356438373762303632333564666465653634393637333234616162
64663430396637326265333061626334616163376564616265383236653063616235656561636465
66343365653633363065636261333531646239326162306137326134656261353739373935666662
34306565373364393762663864343538393039393637613334653465643931393334353530366436
31333565343037643632363465333432636636303564346430383238356461363335613734663163
34376465353631383933316133623239643830323966623133333733303162643461316562376665
66613162636431333662316330366339333730396463346430313865316539626431373038366137
64343938353038326461343536373761383434643334333035373932386337336265383335393736
65313066636330626239343931663961653661346166633638373332396536353334613730633766
31333765656461623636326431646564383062646365303339303437613662633962316561343132
38333233373265613263383734333565353662376135323532323034373635373539386338373437
31616230323937376264353761386666353236373037383062623566323062393636383137643964
61663130656264353862623237653435396361373164643333623537386262323964636336343361
66666431306334313333626162343835363732646239376662306462393532353664303330313430
31383266323639303638333931333133383838353264366164636235343166376535663166613632
31656636623636373538613563306235326566656433363739623438663730353136626536353731
3161363365623134343662616264353964323962313665393939
