$ANSIBLE_VAULT;1.1;AES256
66663536356464653339336131653232396565336661396364613233363734613632373462653233
3736323934306166383961336631363366363662383532380a613363613137303364613261393732
37316231386366326261346133363766616565346438313864623762316164393836636162626132
3834386263643538320a386363663330653336383433366337656134393034313465356662643536
31646435323338653836666639363633346662653734373563656137343131356161313961646336
64336435306464613164356665356336613461366564633235363038643433383431313164383931
64306665356435356536396566613938616461336664356432336362633637393266633561643261
35336531353733313466306163303835653363303361373436646466633634663337303638323463
36396433353866643664323663366537393932343737396435633534386561386434363166346435
63356539396234373966326231663639363163613162353737373535383032343435623261333239
39363737333365313735653465316437623638396535353938646632356333353332393032343436
62633736353964343066623839383833356638623765333964333763373135396238326161396266
66366561376365373632393931623163643462343530363061316133393835383439373130626463
36623936666335373738343261326336383164333939653930653436306338613932333064613930
39383930313836626235343436323862373135393164373536353238363533383365663332306365
36326261353864383561633030366266373164363435313664333866653635323938653064383664
30353266313938656335376337353762663536633065333631316134633630393139306435333662
35373531636462643335653663656664663530393138303532393364616333623231313631386637
32616565336238323462316531613439653564633761306162383339303866323233373866376339
61396365386136373561396530636162383465363665316130376664333130363566646430306563
62643864636365386637316235353936323766356638663739303734333637656433363164376564
62356163343734616363623634306536333564303431353733393331353565356636623033376137
61396139363366343765646266633734653964656262656261333732663839376538336635333731
37376330353466643236396538373964346238336635356538353439363230636463353764623037
63626236366265666161333038336165356463613431643336636439393431353731363938356634
64323837343332376231363633393331396262633239653763626139353333333939623231393862
62303036393934666333316663633330396562343764663336643837396531623032386561656331
35363165633765323136663363353430333964626438363132613461363765643837396463636236
63316639623331306133623439396337393337633234393362626330353565623436303564373761
63396163646236333932313934343264356638303135353261336135316536663735633734646362
63366261393336343433663063373934393039386238383361643030363233313139356230656263
31346433363936303430323737366566636262383561313533323037306164643733306264316139
61643863333064376638346133363333623337636239646637643939353962656532336338633937
64316533366434643937393633336465346334396236326635336161316438343962396135613965
62653330613737323466303864636638373432343839613035356161303338633236326263626166
30316638323462353637353034386536393962656133623264666266316262393066656138633333
64353333343765643033303537666639396435323837306333346466383937656638323364336139
34613239646632613530333765383330636231333938336233613361396561663937623663666366
38373062653164303831326664643237386266386366313934656234666237353566346433376235
66343862646336356539643835633431323863333339623739336264316331653064376434323962
66646265623836343661303562666535656662653038303033316536343066356430303030633137
30396638316635363933373434316362613361306663636238383633623366626231633037323130
38396532626561653163333164383662613734636231306130613433626338613762313038653663
39633132393631336633303236643537626234663031653730336561376661343136636533636261
33353437666336353234613433396231613436653761613730386366393434323833383633336534
38333165366564626661376332346333363465613461623831656536636437613966633938366238
65303535366134323766346264633065663862393961653162383165663439306435313735306530
30343136633638396361376338303737656364346336643732373332663832653061396439653465
61653839656333653939633837353762376161663937383732663365343930643866323934326130
61613935356633623237343833316266346533356335373537636162616636373330336439626533
61306533376362393537393536356161636364643764326233363364326564316234363566323962
61353534353434333638393563373434333262653730343333643130303634363235653739366135
37376130306663346465303265303331393364373238333933636263393231366431363131333935
65313333333433396362613037646336386634616339623964313135336366663038373166643664
37666138383637653162636339393866643738626531643233633366386563656130313430336261
38646335613233313837383966656337643836336631663164346563343062626563363561326635
31373364336261643666613963373031363865313330323036356633656661393630353730396232
37386366373434383833336239363665303562666666633332306633303166356662633632663438
38663062633436653935343033326463346230313330626130656634356263313865323039656163
38333633333533386361373239636337396639636231363362623537363239666139323065363835
39303431363235346338393362326532616666393539323763613766623337366461326436363164
66336664343333383934643330663462303737653765343330366235363566303635343365626461
31613733646466636433663537393063313163663562656130653637613965333132616538316636
37326562613339653136363962313066373661663066333336633365653863383564316135363064
64373462333635623164653764656138336636636265373462623664363536613665623630396461
37646230303036333233623966333139303865376639303462386633366438323038353433623762
61643038663064663830303466653238313238336131333264396130353831313130646265323035
31666333373230386632636566346437613539656539396663326565333636393663333062336434
35326535323931306332623666363666363035656263643937393461396133316534613830343066
63363662383866383136396531613332313538386466313639376564326234306532386134333732
36383134646465323532303130386537333032653539376434663262353639343264343133323032
61316330653138366661383962643331393935616435346161616236643832653139613831646230
33643062363532373663666461316332396334613236613764633635666462633937613432393762
61393537653032316538626233386465663037646538663965313931623933633561343133363934
32303664636132363862366330653534313434326264396636353930653232653537306132346261
31353830363864366339653763386336623763383966313433613935323536666633353366393863
32346666336361363931316333653064376365376133346662316466653931356331363365386336
39343233653032656134323762303837646262323562386134643935393232373533313831393832
38643866646264633361326339396463313862653265353637663362343465616630646466393239
39336462303635326438613430376464316261353235336537663461306466636436646533386632
65633634356163316632646330363832373230656534313032643731376330303561306438386333
62353032343264313066353932353738313734623731633134373437626234323631656537383435
64313866393636306561396635343162636231366466636162346130373336626134333137313239
39383034343362646438383838376264333036646664356465643836326262656638343838636561
39313837653236316539316666343932643631383531383632663164303432333661383066646635
33613832303066303664366633666266333864373430636330643665666566633331393631656466
38366162663361346330303933383339323161393836626236616263653962323463666638366432
35366136316536613131
