$ANSIBLE_VAULT;1.1;AES256
33666433333365366439646438663237616335336661396531363138323435626565616266623237
6438333261343136626431666235346430663731366664310a386339323063656533613731353462
66633464653934333765393661323531313534383966316138343333333038303163386533343131
6539383562333631300a353538346535343336663037326338383731316130656265313763326230
35363837346139643764343064396462373561326337316666633631313433343833386563656635
30623838616361323635303339643663633838393532343538636164316631396638303761653561
35616638323930336132316130646466356234306262343166306236643362663133626261353933
65656235613332316466376166393062396131376531626439646462303662383432343230356537
65633866366430373037373831633438396664653863316131333037646432356537616239343164
38633363633966353762353030333862313837393965323133306632663531323563616631613639
65356334656461623664373661353162306362346166376639366261366435356532643138343964
38373062386331336564633866333036313130616466383032333862343932356139626264626132
66323437623533363937623662306630393534303163363733633331613061353431386666666365
66343338316535313434613335373931383938383339663837313366303736636637636532643530
61646530636236366466613437363237316463626331346334653261393339303032636639393139
37393463623934383761313462633930646237663839363133633965616662336435333565306534
65323935653033653863356332373462333436636533363663326566643261616133303237336532
38353735356561633231313333646563323835663263623532303637376438356266366430306231
30336231333265363161316263316533663438333037656662616363393365613238636632393965
64653166313237666433356261396631633362313738643663373462353065363832623535316233
62373830643763353039323538663462663761313830633566376337363334376634396465636634
66303761646439396531646163663666626237386336336137623035353162663135356465626436
35393363346162363638643965646431346365663363313135626238653330313462653839346635
35373037653231646438303864636239366464663732343363333831333530616662303931636530
61316132356236396632323566313834326563653861333165633365643533623437663331653237
62356166306333346632383364653461643563376366346339316633656330653165393431613962
38663136356432363166643665643834633336363430643664333435333330343634353039656365
35656433666533323037323936653231383830636431373564323930323731363162616264613834
36373633333261333564646433623631616138303436346462333035313833356338373931336635
64326566326665666336336338353764653235303230353263313365626531353839386461323063
36363535636235346261323463316631353434623366393632333138343866336464353463626562
61363065383466633362616438373066313837353633346331613466313539323862653233343834
31616664636335643438303138623161336437616662363837613764353230373764346263386434
66326339323134336662306531313334316366663131393931323236303437613262343366393133
32613939373033353431303333613962646462303130396166643533346432623561623361623866
30383339623131663965396335623638366335613831333138313730313131333431653033613864
31633238633863383865663465646661646330393761363938616365366261326135613664616561
61393031626536666635363732363964653964323431323138626461626330333236636238313165
39386435366264643836313431323233656164383163346536373830626139616339653237373966
30376363613861353665303430613138653831613636626537336466396232356137613439356339
64643136623532373866613832316634656230353034343136623833633230643432666237656264
34353036626434633466383863616135346332316639326331653761653438653238663864303935
64383462353230326533633736613262343863356162643637303761333131396436336136366438
31643732626339396135336662616663653966393162396266353635666130616162336664383662
65613166646332306231613931326362393037336639336665616262386139626639636633303263
66336166353833626665346432326334306433346631343837313031366436306565616563646665
66363032366239656562356532666662613130663939313737613437363365636635313038646436
32656165623932613965656130356665643630646536386461666362666133393864396231383037
31336465396165373361313266393762643333616235633039333038643237636533663138626364
33366439343338376430633731396238326661396137383835313862663364326133653535343861
34646230643966356463336361313033396162656665366564323566363337323938356634643963
35616534343030313638383835316466363366626236353138376362633036653133316139376363
32303930383537306138376666396132356139356133663736386163633536303439396339373934
30386363343862303661306464646466636630623435313035333136653131653864653639323333
32396639326362393534373437663739303532663764383439633061303232333362666639313230
35613863306235373431633732663034393833336432666265623331613765623363306631306465
36633061363835663733393236346434643161366463383832626133346638663433393436623933
64343863343565306532336661313861356661343734326232646563306530663233336261643332
65643832323964663130313133346162343263643464303633643266356634613133623161326162
64353635653438343861316236626139326661363936393461653436336133346532633236373636
62663735363932353364376131623863363661353364613631623038633037376538616334616332
31366162363431656238376264326361376335633165363536346264643233343166643336396138
36346161356230383865386132356561386434343131363039323530336439636138653837386637
31626136623436313431643232656632653965363238316661613532386566636661663061363365
64363763643035366463383062643036383763306539363563633463343031363662333433373365
34303934653763306231383038666433323836396264303435653036356633333966386338646133
33313938363735313034626566313163373165356462323434303138356364663039356338303561
32643261353132396566393836636331343535363136363032633434323936383933343762653936
30366166656264393134366437623966316461636164323761393861313330653036343234636637
36663236306365626462643863363831333932626432366232666135313931393366353161326330
35633063646361616534643964313363313932663730336365663661626637366534396333353634
33336635376636306163366662626136323438623730383435333935383235623231653138636462
32366164623932613337653364363533393837643335373934626163356133613833313137363537
38653131313932383835393832316437336237353339616361383039303535386436623063343832
37303165636334323165613737633533643535393639636466356433333262636639643733626334
64306432313565316639323331386532356663633238396436346234346665306465336661613664
34646638653662353932656630353338323133383964383734396134346231333965613936303838
37383264346465363031306565336164386230653236373032306638613436356162386162653536
62346530666561396263666337653434353932336338613138303631323033626130383864386436
39633036663038313934393565373039323435636664636335666265613334383265353664363232
34363365316265323363656234333537623431343663626131316139346261333463333964643561
32323463313562653662303836653832393030326132316333663566303633323461646134663136
32363233313639613232613062626638326635336536633939376561343465656463646266306337
35373761356632306465653837656636333133643133316431633063663565353437306333326666
62643461646432333730323131333665366663396539653162353031303630306364303439613564
66386661646466616437373239393933376663386132633066653162656332643832353731386637
39613231346161663137626562343639346236326135633731306439623763656334303232633866
30373864316337383462623461333839663066393161336635353934363534663465356130376137
33336163303733353930366637353831393966653437356638323331373635656232346564323165
62393664343335623339613161343534613634623932343936323064633630343634613161383562
65303638393863666135353266646361336365363861666563326436663564626164663938383863
30393138363136323965373439303235316164343666343762336361646631373632306264353736
37306335663864363133343432343561636665393430363431663338303762306666313134303066
65333165363863396538373866353434666634396238646330306539303961613338343437373064
64636430346132656466306431376135396230643432363839346363616237616334326632383936
31306562373530373037313964316238396137343235303336353466366531373264393635356162
31326330316437303665373036656364313061343164653165636164643032383030303462393439
32323931303832633135346464363030306363626466646662633966316334616463653336316533
34386635346462633833396463373833333065356431353431373938656264643863366530313730
37393630623932643230643637393737326264313166373863313330353562343335643935636362
32356362366362656336376533396234643331613865306538346365373732303065653465313332
34373661393139356466306363633231646537303765666531303330376536663662366439626236
36333238386261313762653734393366393664333065623934373862643137646339363662616432
62633531333638393063636262633939303232366264353535303162653865343033646632666639
35303162373839366531383965666130353230386232386532383034653833663035306432303331
34653832353730383536326665313631653236353439366338366532386164396432633466626661
62366636326633636563336262323365646533386566613064346461633738323337316433626164
30356338663430303365383738643931353232343462646430353836383865613038636439653963
33646437653337343131663135633761333965383938383338323736363131613666336137323363
32373433643835363939313638316234323064363164353466616230666532353532353237323635
63333763386465306465623334376432373866303234333434333839386333663962616130346533
64643938356131613363656436656161303863663263663862326537343033633436633131353765
61626631356333386163373534323239623762363664653237303738626361396131613834396335
33336364646635386238303466336362653238353366393838303432616334653862626334316338
63383136383265623639336236666562313965646637336439343762366337396233386537383637
61343431306332326562643332343831353032633832643165333261633261393732313933653965
31623436313362336533656264306664356438323565616434316266396563383037343830366563
30336537316162653233306639376666643134373766373162396230303931343162643830326133
65643164336137303339343438383239383535373231653764393430323836643130356235613030
31663435343666346131306138653830303632366230646562663864393433376635653334373965
64303064326233353766613937353431666335626334643633626164353635336331333832373838
37666465373865633038316134646437323032366233303737633737303030643231643138346538
66376264343861336366396137323336633636636337666531623630343664323563616361373634
39646364633662376162623930343665306632653637313330343334633966653062633537613261
30616363383138363262633431323136373062656266343332646365316161383937663166616166
38343336303032383633393037393337313934663261383661393838333334663431393934363663
34373264303534343231373538613462373161313238643963386234613138343534646465306135
34303237326564656366333034333033323664616431386666613833343033356562613763336465
31336533326533633964313565306131393135636664626635316561386265623666393035666239
35346335613837343133636536303366396631386564366464613462653462633165363563313462
62373935626230316566656563313535303439316339663738323930333534626333666430646430
64363534643333326663376233656230366565353237353664666134343463366563353632363765
66356430373136326234343134343233613863653131363635653333623736376435623737356463
38663238643166333831613735323239336164623561623466643965393535366637383761396462
30383536666634643762373161303461613964613639343866373632346534336239323333323136
32343636633861326439
