$ANSIBLE_VAULT;1.1;AES256
35373233653162313565313061353738306633666466303538346637653965393863656365366534
3938633261323730643631386430366263343935626232330a643863323630393863613032663466
39646664383462326562633030323437323937663263616139333731326632636434356634373262
3365643161376565350a353132653465653864383037356533666331633036626666623035383865
65353533386562366136373466313062396437616665663238653734653263343965353532316133
32666534326539653566353065313737613236346561383237316363663761393034303835346237
66306530313036323063323963613563313065623630663038343163653363326661396237626438
34333262393734663330623365336262633564316233636165633035373936643234633566633839
37306231666663363337646237363833336661336134653361636635393339666133616230303730
34323131356266653232623936333632636462633638636235333664656533306536613133336166
34643232336566646661353832373536623637353131613966616536333830636564653731383636
36366638666561393365326337326130616535626434633139643532353830616163323032383338
62316235333933343535363761383963616636336435393564643032626561663331656335656431
64643334666432353365643562643637356138633333643163393861316533646432636662303163
34356261666365623762393864323533303561396330386137633534336635643963613165666166
37613935333562303230643436383238303062646537633337346532373562323931666132623038
65623562343531623532653234623937663333666466393730633336653865333134346665333164
35393465653831326638343731343432626563353635623963646565623661643062626462623539
32633063633136353361643535643731636632303465313831643339666530303864636364643934
36613133386339376162363233393530616333626431613063653963643030386231366139373134
31333263323464383233343239613731626130626562646134373233343464363066313936623039
30303733306232356162353434626637313438636435356461666137363665343031353231356464
39623165316337346466666235316236343134386236633534313565663538326534316165373439
64636232316562383763646364626333366462356533353964393161343632343432323936363136
61663664643366323034656462383964666530313236363437316432353132646536313761333239
61363962346534653362313433336538306661363461633230653731623065663836666362333163
34303331323737363935383831363037396132356632373937376362656131666233326231393365
35396562626230356133383239623835356635623061346264653064356232383932376437373761
35646162396135303834343430353839313966646132313062643761363937383538373065323031
36333231306334316237616635323533306434646236386633386135383539313132313434646164
38346462306362393132373931613838396539353163663936323633623966346532393566363565
32323331393261393261323365343662663261373663303662656535353631643538396366623232
35323037306630633465346437626661336661386336633334343530353230323034343064373736
62653439303265646334613737323134653866333532633463653464326238363838376532663033
32383863636261386339393663336364353832633535383339356266633763623230326436393764
61353738613961636366363161623235656232613538376563646633303063643639626561363333
66333336336531643332346431396135653038393536636162666436333965326630313931663364
31336535633335356137336133303433646133663534663738313733666364396161366138313230
36373539316463316238633366386532396264656464613266333163373735363036313439616236
61376162396461363335306232613533346430633139613938646235323430633831313135316562
63633231386437303135636532386632353166373561333864646463383365343539616261383733
61383136613465303234613265633762356137613862623735646437633032393633333332643664
63623134386632373135366434393161666264313731623937633636653233353363646362323263
36653135346234383264373237336666383938626562626637316166656264616166356139363634
30383965323932666164623539643039623132623666623533633130633464643363333831656235
36363034393537656531346134343731303563313034633030396637346164386631653062343566
63386565623662306439343139396336343666323362396565343634356662393861663233666135
65336431363639353836643465363936396434663061633935316362336136356132326561653936
39386265303464323464313930633665323634366561653132336532666562383265373732333133
66616464333563333236353235653265636433336231373431663430383038356635646365383631
39353236306236383736353466346165353361323939323066633461613962633631646364633366
30303035653035336162643538346138613735326532623466653432376165366431613238623035
62633335653231663039363031653836353166303637663365383233613935356334333633653962
31363764666461393134396665306263663837363633386433646163626364396235616263323137
63656364643033626133333530656666306436393632653132373037633333313662313435646466
33613564646230396639663232336363613339386566396461626535373938363131333561363434
36353136646235663439306262623563306639636462313265306231653461386239393731666535
34303539306433376233393335353439306366636233353931626236366465623066356138613539
32626436346330656665393862323264323835663434376533656138373534386238306339323439
30386133353232636135343963636237373532383436303838626138613933363233613535633666
31306235623837303363663632666663333233633937613032353763316432323366653137366638
61623831333434316465373735356635313861626165323232383538633765303262653930313839
34326438366130393438633466633766346566313764653262383464373332656162306137313965
31366539363962623139663733303735306236383533303061306233383962383830643666383734
33343464386338386366306261653430653762333335333233353733336335626434396233616133
39373136383437363538303033323735646638653031306562656239303061373432633562363030
31336337323836353438323564646362353337323031633264663564663266346135393564313136
31313366396461323537306562316464386539656435393565663933623261396438356635323863
62616336366639663434313735653962323332323632323961636539353739366135323533343235
63646561306137643261316630343333323631623265623337326361396437636135666662613237
34646262646663393539666264343532663234373638303739303331643632383134333032623438
36656130343263366362393866646461376239663436663231303934653030336635306163343663
66626337663763306230316565626366373530346139316331326432306639383739643938343066
30373637363164363538666530633466633862396338653037613434613139373639376636333466
32623033623062383730643932313563623231356533346431396463653331613338316631316332
62323435346363653364393730373830643836336565666530353663633666643864313735346236
37643430303738613230373236383464393031363039363366636639333064313536376431356630
62356131343265343132623432353233336435376461626632336361306438623633623834616533
33313461393964636331393534326339653932333035383537636438613066633665363661613031
30393636616165333635313330656632386233316335663462396364363635636434343836633835
65616465666162323133353431613835663730316366386530313064393930303633653463613866
33346163663235623265666238366238656235383065373363653933653738333761616337343264
38663338306639326162623339306461306134373937646663643466396430393965333932613162
32633633386436663665336665316437316133653563313365323161336531306165663833373636
34656530393230643464313239623363643637316664316432336566376163613062373030363664
30393663363266373766636337623238326131643462396365613836323762666431346662313766
65353137656665656161613662386437623161393835623065396533386234373337646563333264
34363464343865343265383465666636656239393935373862666163336363663230666532366535
34316430383163396636303566653931333631313437616561626365366330613531326631643565
36663632663039373766383237333132386434663066616233643263383966306131376539623965
32323038396163656630636563383561613663393834383438373563366231396233346639326636
32326538643833643533303033333763633636643861653832363565336236363538393239393431
64376533623138396563303930393765313630623936343831633766326363656331353665613739
31346538303362386334313034623438326564616161623738333664633361316465633165643866
64643637363030643266346537393631386530356237366464316131393565386161643161643531
32653233363035353835343933663032373463626431656265306463616138663165363037393738
36323339313939303165613735653932643763343535613863306336633365366461633263306566
61356666613766613830613835326162386263356632643662396636303733373236653636373837
37343039306535363264616139306564643438626466386235613662653237353039346338643533
35366263393965346335643463393537353934613362326636396132613133333561323066386430
37346566366430636537663762396635643435356461336534353530356230333739346133346566
61333935666336326365646633393335343536663066376533646631343964356439313332363239
39646464663632643666386131646265373164393230313939303262646534616163353236646639
65626131353434663836376164303866366134343331643732326539323830333962663764373438
66386663613836393635633039636134323363333636343931343035356132343337386330643039
62383139643830303537656261363534643635643436303965653763356235336532303263616361
36306233393632623264333866366331643632363662323535646334376135363962373733326365
32643830353131626433623532656132373832323735316336376430386137336564383666653639
63373762353134613061303230333032656363613430303764366631333363656338326139333639
31643662386434336433393630346365336137373334666432316137393137303563306336663166
32626265623735323139613735393633316431396237343732383462353033323835653962393835
36356366346135366535393833306165643032636433363937346165343338363764376636323833
37393230616663376238646234656565636531316332366431613730636139373136353831663530
35666464653830626365313138306162373236666639316436663466303362346134663164303936
39653265303962366166303539336265653133373837323138373530643038633465613033386563
33303564663739633035346233616464303230306331616433386433646634303365366366616431
39663466383739376639386434326138666665316436396533343530303761653736386437393530
65366566303030386434323838613533633161646664643332363338666236363365363864633261
30303133613964383264393438663262373465623163633537613232386265323561643339343932
62393665353666356530356463643831633964313138386161356666346237323864373031313934
31306266663766633965306464363435633761386366306134363738653235323663616636383630
35373965313632373734613463323432633163626236613064333338623333376465666163656565
31323162363236333363646334666632636635303865303438313131393263626666616538303163
61613536306630353264613964613438643363383264626633373366353961666366356333383537
34333634356434316537306232623264643835363066616336633036383632653162643137613231
39396439323431326261633465653965363461613933666465333534373234356330343237343963
32353933393035323830363765386461646235313437303663316163366333346232383435636633
64346431623635376665316664303934323534356430333032343262623637373739626663363332
31633165376264636635393031646335623632353161393364363139346166393730383362363332
35633561626431623733653231626263333430613964333563616666653137326332636337336336
64303939366638376333306537626235343532623133633862393730633632356635356337306662
38323863313766646537353964633064393862373539666235613262653539303230313338613062
66653935313463353134613530376236363938616533363361616162373733373464323738643461
6239353131376536316230353266653738323466313861346266
