$ANSIBLE_VAULT;1.1;AES256
31303861643131616230653631366638343231323963656663326431323030663637623064643464
3337633062363262356639656434373033306334633234320a306364326538616137623765383963
38636663646130343334373731613465303237396430663061383333323734313831376535353932
3430313162616632340a633462353961653566373361623564653936633930646161613832643939
37346233386230343337623535303762333437323262643034383962373336643031313265623034
38653361653365666163653562383639326566663235323933663633333532366561653664333337
30613362356238353131386232323335636331336637373561303861643363333663663137613135
63356162393965356532623936326231613631646131653664376236373666316437626364313166
32613537303630646662353135653032643162613665653537343635346333666362383639303362
39616133633533366530633166383137623631643032633530306663666666316637613465326562
65626630626630393539643435643432326539376163376332643666303736386334353535653064
37663839306539626432303333613631663166613935383861343866373839666561323631646135
37353839666564336464356464666631323366396562616232643132363165663565373638366139
66653261363166653930353437653262653830623263306434623038656439623730336266646238
30306634303735306362386439373863373634313436656264393537313537303437313036643961
33616539346232653166633631316432343439336337393430353330333665626436643732396538
37393435303764393864316162353466663464663933653132393236646139366131646339353039
39336539613165353637623237653061323533343261623865353239396336616234353832356564
33306532356266353565306138383131623264346362356332333561343730383461346661393331
62623733376263343639323832653664633232353261396133363664326434333933323862643634
61333864346332383937653866396233303165313532653966303537616137393232313564313136
39393465326137623566333566306664666662333364363664663465666534306234646664363839
65333466356139393737336437333636653938363235316366626131393730316539363434363739
34636537316166336136363330633836316637373630326261336432663965343234356363326534
64313837636535386339333939363530373161646331303531316666373937623361376361373262
62623032646566666337643238363063326439353337363537636637336166636230656161323932
39616162316330373763643764636664656539303438646637373164383538373166356435323963
30336663613762396166646233303638343962303435663030376532373336313234356235326339
36636433623666653565373565666230633966306638653834363731323235383839386566333334
32656464313235313738373335353636313130643163633637376661316536653261643933663865
64616465386366353833346166313565356235653037633865393030383339623537393534333462
62333236333262393436623732656365613336653538643237616639666430643131663434353339
66383831656334366233393239633132313739306533646366616465373464393966306134386265
39373562653065316436363936353361653139383533623233376566353038383238643934373363
65633131396334313266333839666331653233663536613563636636626236626636666466353064
61653337356430666230636564326430336565653365663236356264366664326363333739653765
66353531346133366561346633663365613565643666303539616537666134383764376536353866
39653735383034636636353537313663333037313630343237353564643161666266633466646638
62303332376162393439646564613237626366643230643761633961663038333565613534613931
30363062343234653138643339373434353530393932613562393033303931643061346637393735
62653631353938346130363434396462663135353130663331346330343665343736383535386139
62383665626234356534653934343530663935646535336438623237663735396332393663633835
37313137323761613832393263393539396430336632363066633635396362343137356262373162
31663038363761623639373331663631363732363132313633643438666261373732333033313230
39653161396164633737663837616137386332396166303137323266626536376362376537353365
64643331356233336663386338333837376330373232663236623835346336383938386163303461
36343965623435363637666437323732353835353339393961666265636562393337653135613935
30633439663131363936303736626533663038653766336237383864363362623236363632353364
39656662316164366139393861633236313663386562343631646632373337633165616236363437
64623834366231373530306161613462633763326134643462343639633432656362663334396637
34313232666661666434303839666636343634303237663930323630326633623032366261313332
31353737323236323333306139646638643564363736633761363536326164373331646133626330
30333531306438363731326135623136303962653938373462386533623934376566393965343363
33303361643636623637333632663666393730636431626238316638623331303233343761383962
62303233393133396639623437633133666130313630306436386465363831646561376161313239
31386536356433313833633530616630616438643461663862326632613635616639306633633365
64623230316230636531653166373939363934323337373865373334636233383139643735396463
65633461386564383036343864636139343233333830373666396237386136393637666134323833
64616438383761623461303264623336356262643561313166363532656630313665316430613161
62306330373539383330343235643765303864636235303532663766383436353666356538303461
66636131333132306461336662656262353938343130306164643161653762326434613639623765
66653330306434383438326634323564666436373233336638313732306336643734393531336639
62653436636462306462623261373165646561323033366661623438346631393761666539386430
63393265363766323333616538376334333266396139643133306639653762626331646361616363
64336664336337626638636334626136333463616666636130373733663163646133336135336430
39636234343865386130636466303266333761353130643038373365306333353763653530376162
36613964393337323935383464373435303563663465396332376536363831393032333930353863
35303731626266616636363439386162353330636537626533336331643535306161383966396466
37663535633339656335336631613638336131363365326332633133316235663539386539613035
64633862623335373963663338663934316435666538386532373366306239666631663635343838
61393135636438353637643735613865626366623135663730636331643164306164636131656163
61396463353162303965653239663536393466343232396165353662353531323731613961303636
66393861353961613336333237373465343337633636623761613039346137383631313735663137
36623339313366323735643039323135643465633564366333646661323233383036636366663534
39333866303731313430343037353232386632336261303665316238313133373266366334346334
36643839303865343631623061343465383634666363653961616337353366666466613736616266
32663135313864316565393430643162303439323237643864653236386236623336313863623166
63353136323862613666643361663166386635303232643161646334306166343737383461303765
35663332306231313034356332303932393533346366336564623165623130363164353838623163
38643432323166353335333036376535336463613833343362623736613061613461316464343734
30343431343437313938353433363665303532363930663439623466353332313666643132353334
37303065313737343261383433376535626230643639326336656139333265373238623530313837
66613263383736323938363832646665613734303530333135663635613132313234373138333934
66616464623834636561663464663732393636643965643533303336343539366235303930626661
63376463643166656562313937353935646565346132356664316630666366656666326339376532
30386336373462376130303538623865393334373234393231623566303638633934653938353137
31363838313238323532363737313839353962373437636137393761366466366239343330386339
61383864363263323965363937366638396461313539316363613365326162323839336364613633
39373563393639393366383732363639623932336265363935626465326565323932636334663236
33363563383965666666343138353264616161306561666132373766356539313535393539303865
36343462633763653435313633366533663765653131356635343334643664303966643166663735
62343131313264366330336562363032376265636538303035373263636539353965363035376531
35383339343833333039613766353038633863646231393835313933636564653134633165363235
30316437386262333362393638323530366463386433623966663433613937346636343462373738
65616565313431323039306238633238643638373135353863613332346166653637326636366661
35346438656537316630393238616239366439633839373339366636323864363136643838643561
33323465613631633234623734323234363064616235383963663364636339643930326434336264
61346633353934373564393232653130666637613063333436366136366435353664373230643537
32353064303266653339356630623039333030666665336233313661313738393539326132316466
65653066303237333565616161356536353434323931623433323039633565663161393038626331
36643139363234663631663535653766663336626436336136366630653063656536306231383934
36636364353537643465633230633031613937636238643633373933336331363664656365363039
39636663626134376438373462623961663561336263613731636536356438316638653462653865
37313736326133333637396263313739393936363934323533346533366631323362343663363330
37626461623737666466326437396263396361643232343433346361656664333361666264633534
66663361383435616330383932626238353035633433366233663537356134313035313365396665
36313664363864396136616362616532383135636566663235613761383531343834353432636231
63343064376338663537633566613137386464663331356434343766386664303139336532343331
64323863306264633462333937303837346132633562353862366630626166386664316633353665
35393862323564356138313264353135663539303361303436326634393739633834303335666663
61646362376461393263663166616534326362653734643730363730616135336130623465373164
34316463383963333366303566613861666639653631323565616331613236333533383765313535
65366164623939346438626166653932316566616163636666383939626661616637646332376261
38643234313765396264633063643536616165656631323332333762366334363331366532643033
39336530303738336137656338393263653837656666663730366430356663396334303963313066
36356163636363353533653564663166396137386136356439343166626561663234316564616638
39376233626366373932336161326337646562343836643765653363373233383563323566383062
37323037333566363737613866356563616132303266303838313734373034323132333339363762
30626337383264393465353932613763656263313737653732656636343061386362393638623264
63373366396334336434336530316532313337366565353339383462313535333636323965323663
39616664623161333438346632626234653739626364343834396461326465613438616361623563
30393135376431653462306631646534323633653561336464656633323763323738623064373235
61363034363039366264326661393833356436646131663164353363303537326138333062373538
36363132303766623264373465323136646663396135383039626262636536393264646563643533
32666663613561333766623061663935313239363530623865613565613663633338343834333234
65326336376634396639646530376637623638306165386530323033326336346463376331633531
62326665656630613335623733343561633563323534313736613362393636353932663230383736
33666331316336363633366661356630633339356162613761323964643133636239316334343062
66303933303930653963393064306263306430373962323435626462373837396465386332646430
32623339323762303032366466353637343434306138323939386234613831373238646232616131
36646462313032373564373264383730363464346663626466333639383536383665386634363231
37376266623731643164626462613263653061616138643632353733383135326236633439656331
32623662396131353538616232333362626530643362333937626262303436653561333836633538
3266633233613331363839303234656439383864313664333735
